#(carId,StartTime,RoadId...)
(10000, 1, 5024, 5025, 5031, 5042, 5053)
(10001, 12, 5030, 5041, 5052)
(10002, 19, 5016, 5027, 5038, 5049)
(10003, 30, 5052, 5041, 5030, 5019, 5013, 5012, 5011)
(10004, 48, 5030, 5019, 5008, 5002, 5001)
(10005, 74, 5028, 5017, 5006)
(10006, 90, 5029, 5018, 5007, 5001)
(10007, 99, 5031, 5020, 5009, 5003, 5002, 5001)
(10008, 130, 5049, 5038, 5027, 5016, 5005)
(10009, 141, 5043, 5032, 5021, 5015, 5014, 5013, 5012)
(10010, 156, 5051, 5040, 5029, 5018, 5007, 5001)
(10011, 187, 5029, 5040, 5051)
(10012, 203, 5029, 5018, 5007, 5001)
(10013, 212, 5053, 5042, 5031, 5020, 5015)
(10014, 238, 5025, 5026, 5032, 5043, 5054)
(10015, 264, 5000, 5001, 5002, 5008, 5019, 5030, 5041)
(10016, 300, 5030, 5019, 5008, 5002, 5001, 5000)
(10017, 331, 5012, 5017, 5028, 5039, 5050)
(10018, 342, 5027, 5038, 5049)
(10019, 350, 5024, 5025, 5031, 5042, 5053)
(10020, 376, 5040, 5029, 5018, 5007, 5002, 5003)
(10021, 389, 5015, 5020, 5031, 5042, 5053)
(10022, 402, 5003, 5004, 5010, 5021, 5032, 5043)
(10023, 433, 5029, 5018, 5007, 5001)
(10024, 442, 5038, 5027, 5016, 5005, 5000, 5001, 5002, 5003)
(10025, 459, 5053, 5042, 5031, 5025)
(10026, 470, 5039, 5028, 5017, 5011)
(10027, 491, 5032, 5043, 5054)
(10028, 507, 5003, 5009, 5020, 5031, 5042, 5053)
(10029, 520, 5032, 5043, 5054)
(10030, 528, 5039, 5028, 5017, 5006)
(10031, 539, 5050, 5039, 5028, 5017, 5006, 5001, 5002, 5003)
(10032, 556, 5012, 5013, 5019, 5030, 5041, 5052)
(10033, 587, 5051, 5040, 5029, 5018, 5007, 5002, 5003, 5004)
(10034, 608, 5001, 5002, 5003, 5009, 5020, 5031)
(10035, 624, 5005, 5016, 5027)
(10036, 631, 5011, 5017, 5028, 5039, 5050)
(10037, 642, 5027, 5016, 5005)
(10038, 650, 5053, 5042, 5031, 5020, 5009, 5004)
(10039, 666, 5015, 5021, 5032, 5043, 5054)
(10040, 692, 5049, 5038, 5027, 5016, 5005, 5000, 5001, 5002, 5003, 5004)
(10041, 743, 5030, 5041, 5052)
(10042, 751, 5049, 5038, 5027, 5016, 5011, 5012)
(10043, 767, 5040, 5029, 5018)
(10044, 783, 5031, 5020, 5009, 5003, 5002, 5001)
(10045, 799, 5001, 5002, 5003, 5009, 5020, 5031, 5042)
(10046, 817, 5030, 5019, 5008, 5002, 5001, 5000)
(10047, 848, 5030, 5041, 5052)
(10048, 856, 5005, 5016, 5027, 5038, 5049)
(10049, 869, 5003, 5009, 5020, 5031)
(10050, 890, 5024, 5030, 5041, 5052)
(10051, 899, 5013, 5014, 5015, 5021, 5032, 5043)
(10052, 930, 5028, 5039, 5050)
(10053, 937, 5013, 5014, 5015, 5021, 5032, 5043)
(10054, 968, 5012, 5013, 5014, 5020, 5031, 5042, 5053)
(10055, 983, 5001, 5002, 5008, 5019, 5030)
(10056, 1009, 5025, 5031, 5042, 5053)
(10057, 1030, 5049, 5038, 5027, 5016, 5011, 5012, 5013)
(10058, 1045, 5032, 5021, 5010, 5004, 5003)
(10059, 1071, 5003, 5009, 5020, 5031, 5042)
(10060, 1097, 5023, 5024, 5025, 5026, 5032, 5043, 5054)
(10061, 1115, 5015, 5014, 5019, 5030, 5041, 5052)
(10062, 1131, 5008, 5019, 5030)
(10063, 1138, 5022, 5023, 5029, 5040, 5051)
(10064, 1164, 5031, 5020, 5009, 5003, 5002, 5001, 5000)
(10065, 1200, 5001, 5000, 5005, 5016, 5027, 5038, 5049)
(10066, 1218, 5053, 5042, 5031, 5020, 5014, 5013, 5012, 5011)
(10067, 1239, 5032, 5043, 5054)
(10068, 1246, 5004, 5003, 5002, 5007, 5018, 5029, 5040, 5051)
(10069, 1287, 5012, 5017, 5028, 5039, 5050)
(10070, 1298, 5025, 5026, 5032, 5043, 5054)
(10071, 1324, 5053, 5042, 5031, 5025)
(10072, 1345, 5052, 5041, 5030, 5019, 5008, 5002, 5001)
(10073, 1360, 5031, 5020, 5009, 5003, 5002, 5001)
(10074, 1376, 5051, 5040, 5029, 5023)
(10075, 1387, 5026, 5032, 5043, 5054)
(10076, 1408, 5051, 5040, 5029, 5018, 5007, 5001)
(10077, 1424, 5007, 5018, 5029, 5040)
(10078, 1433, 5001, 5006, 5017, 5028, 5039, 5050)
(10079, 1464, 5024, 5030, 5041, 5052)
(10080, 1485, 5032, 5021, 5010, 5004, 5003, 5002, 5001)
(10081, 1503, 5013, 5019, 5030, 5041)
(10082, 1514, 5040, 5029, 5018, 5007, 5001, 5000)
(10083, 1527, 5054, 5043, 5032, 5021, 5010)
(10084, 1540, 5014, 5015, 5021, 5032, 5043)
(10085, 1551, 5052, 5041, 5030, 5019, 5014, 5015)
(10086, 1564, 5038, 5027, 5016, 5005, 5000, 5001)
(10087, 1580, 5029, 5018, 5007, 5001, 5000)
(10088, 1591, 5032, 5043, 5054)
(10089, 1599, 5030, 5019, 5008, 5002)
(10090, 1620, 5003, 5009, 5020, 5031)
(10091, 1631, 5053, 5042, 5031, 5020, 5009)
(10092, 1642, 5040, 5029, 5018, 5012, 5011)
(10093, 1668, 5027, 5016, 5005)
(10094, 1676, 5030, 5019, 5008)
(10095, 1692, 5032, 5021, 5010)
(10096, 1700, 5052, 5041, 5030, 5024, 5023)
(10097, 1713, 5023, 5024, 5025, 5031, 5042, 5053)
(10098, 1744, 5021, 5032, 5043)
(10099, 1751, 5054, 5043, 5032, 5021)
(10100, 1760, 5028, 5039, 5050)
(10101, 1767, 5011, 5016, 5027, 5038, 5049)
(10102, 1778, 5028, 5017, 5006)
(10103, 1794, 5000, 5001, 5002, 5003, 5004, 5010, 5021, 5032, 5043, 5054)
(10104, 1820, 5018, 5029, 5040, 5051)
(10105, 1831, 5025, 5026, 5032, 5043, 5054)
(10106, 1842, 5039, 5028, 5017, 5011)
(10107, 1863, 5003, 5002, 5007, 5018, 5029, 5040, 5051)
(10108, 1881, 5038, 5027, 5016)
(10109, 1888, 5028, 5039, 5050)
(10110, 1904, 5015, 5021, 5032, 5043)
(10111, 1913, 5050, 5039, 5028, 5017, 5012, 5013)
(10112, 1926, 5026, 5032, 5043, 5054)
(10113, 1937, 5038, 5027, 5016, 5005, 5000, 5001, 5002, 5003)
(10114, 1978, 5011, 5012, 5013, 5014, 5015, 5021, 5032, 5043)
(10115, 1995, 5006, 5017, 5028, 5039)
(10116, 2016, 5041, 5030, 5019, 5008, 5002, 5001)
(10117, 2029, 5023, 5029, 5040, 5051)
(10118, 2038, 5011, 5017, 5028, 5039)
(10119, 2049, 5039, 5028, 5017, 5006, 5000)
(10120, 2060, 5028, 5017, 5006)
(10121, 2076, 5051, 5040, 5029, 5018, 5012, 5011)
(10122, 2107, 5011, 5016, 5027, 5038, 5049)
(10123, 2118, 5053, 5042, 5031, 5020)
(10124, 2139, 5041, 5030, 5019, 5008, 5003)
(10125, 2150, 5014, 5020, 5031, 5042, 5053)
(10126, 2163, 5009, 5020, 5031, 5042, 5053)
(10127, 2189, 5028, 5017, 5006)
